$ANSIBLE_VAULT;1.1;AES256
65393937336231313961616632633066653133623239346666373336633238316234303865653733
3736346366383461663135393762653933353635653739310a306634653466623436643231343331
39346664663162353539393261373539383865376563396638373966306136333733303466313263
3461306662333430360a363930646235336639323938323238386230353338303961656666376437
30346135313731643237366337663832313739646430303538336261326432376165646336633837
62626562623338333564383630393732326562373135393737613830633966396433616333346539
31386438636439643562643039613834303135333163323432646365363638366165666637313966
38303637316136383133633636663762626263333236346663653531343636623330623839313663
35633739376534393733306130633433613734343239396631623036303465356330393464656639
37616264636163636439303236353835346664393437643433343639326330616138313364333634
62373763313664633438663966393932646663343061646633323765626633386632643532613939
61333033316532663536373733343266303439653066643133666339326362643966313463373334
34303164313836313832316433336531333437376538666164633338333535623462653665633464
62393062613233353533346135333135396662353131383763636661346330336338336334313236
64333762383232663634393537313065653633393638303138346133666166646237386531313539
65653730653662353131663737383139663766663561643434383230323238663836323730336135
63336136303338663365653063346539653762353562326232396336633733666633653965336364
38313334633530343134656561336537373735356538313061336164643839666533306532303530
64323334313932363136336531373537353733663437393666306130343366643637663830383833
35653739316236333762373263663332656263333938626338336166663338623838326537353466
36616136303466623130636263666137353834353138636432386437313764323833333732656335
63353039336163376161653564326337396566333932303036393731626665323339326564313434
38636236353936333630323661303061623864393033613264336433393035353633303337623564
33383735663534656663633834366365366363353962353330636665313033373234383061343766
64343237373064643836343766303864366333313461643936346638363931353865613337623662
61343833376339616139343635323433313634396230363365396336393233303966623735353032
38373032346630386437313334653435326636653565336534386436623735343830643364626637
36626238386461336663346663333737376638346461313463353566333762666437363437303765
35386361643530393833303439646333653433373334326665633839383531613262613630343832
63383062366231353935303464323734653832636366376537363964666539303639613462313661
66326138633037373164653138643866663838313362343133396366343734663530303333623735
34316263633536623838386663303161313762316638633763353936626464663366393335313265
30316263343336646463656239623836363237303264373037643062626238386338626134653536
62373530346637663839653836303563383135623639396637626563303466653537306565396561
64326561346337356261623933333138663432376361363338363438383063373262633531666132
31343133396535353836623136316464646637366134646566306237663938613934633534363964
36356339616337323134623363346339393861393831326435343937653732386433366535663663
35373163373030636266326266303932363237366430356131386139633865313531333736303530
30643034313361646436646231326563343366623530313632373134303233306636623138326261
35383531313466346563366562333234633434623865656133333832636566663863383666636236
37653730303136633332333438333564303264633865626561653133356437626137343135363238
37323332316361306637376630643932396233663630313262396462346236653561626534363534
64353262663565336666346534323562343465613530656362386564363630323334646165306562
65343733646638333635623339303236656336623732623135663638303938366232386365303661
62353461623232363331313338646563633735333532323330653937333231633266336466353537
33646363333932653336356535323234636162303130323735336531626131353661373734633937
61353134313766313437636264643335663536643162383938386133613666666438313633356165
32316534356264386436633561383237303430303130333265613163333637383761316465666362
61383565376435393932336661346330623461613133633030613136333963653365336163396637
31353238613064616533613266363037616437306566316165616531313530633534346465376233
37636636366331376662326162336432323162343737663761393534666632373138323232336235
33633538313336373835613664633062383139326639346339323762396335306339653166333236
31313562626261613139323232323639343433306231346563656339666337616665346461633639
66316631316262346366396566623030353433313631343565336665653364303763383636623461
36333739356337386563343637623038393463313965616434386435386636373634656633643466
30393931653638303237326339323230363964636636396637653363663530636163613036376239
30643736613234663931396364333935323733363363616430623532393238633437306536643839
39333735363931633838376336313063633833663662366666303638646335653161356166343366
64363435316533303137303061383136313061633430633336363736306135316230336262373539
62653966623433333962376362333166356433333537353938326231393438343337623833373664
35343965643863323365383736313331623133366139303637346439316535303866316434613336
31363662333439313538643561363235666663323431383463373235393862396631326365393830
32306662393837376265376163666533326138376162336130643931316333306231356562653330
61343534316238656565393662663837663735633863613534353564623034353662313863356361
30326435626535363765363131396633323330363338653035663437646564613366393233386232
32613534653562366430393433353837303231386631363661363132303363633266656166373265
30333163313637623063356634386366323931363830623764353337636464376365373862386238
66326335313035636566303331373139666137336130623864376536396131653834366431323437
61626233616464613964626561616235316161373064396238373430653666373734363032323966
39333466323866383434613661653264373031366537613331613365396330306639353032366233
63663731666139623435366562623364333963353337656666373533363237616338356339623937
61356661623937663930656463383937316537323233623261623965343533663931336331306166
62306266623131656133376563356633343237613636663064393061623637343036613835386663
31343138306137366333633265373135363766363836613265343539373637393539323466623964
36626336376631373334626333336635373264383166326237643239306630383338336634633562
32333037376430366234323838353738336264623263636639363163376433323331646566393133
38666162326263386433386431633334366338316565373564626562633831373538653530393739
34303064643563333461373435376335633533363536666166623263376366383963393433653538
62396631636463383330333564623632623936353738636638643236323064353561616362376537
33613331323431663230306236663530343433656262333031643532326563323061343264613765
61663133313139366139646636616361653662653733623262666633653539343537393333646337
39613162653837643963303938333263386162313564323061363065366462383838363962386233
35316632663065336666633564303562613063313762343232633336623339333936396236323937
34623132313737646462653761666239313665343863646631626666383866336137376236643463
64626334313730313065616131313335343966333961376566396661336636643365356135313238
32626564666131396133383462323261323262393565333965373838663934666165636236376664
37313532356136326566333134616130396631383533306134613534323331346361316563336264
32393134633534323461653732396131323161666263376462393864643864373366373031616666
62326163393265626637333434613232386663366538623131333331636362616432373731356162
63353431633566616333393564643830373337653764303833346437393632663833333161363133
34386637393264646163323233343935313165343764653935303936376135393530306365646230
31663132653130326338643934316466656231366339623066633337646230366465326461383836
37353839343863613339613638323462326265633730383632376433393836373934383839633764
30306434376236323036306638336438636536323661326438393033663663633638663134613138
37663332323030633931633936313337346432623861336565313732303265313536396335393432
66393237333966356261636165386533613738313164346663323639613533333837336436316130
31326565343932353733303834383337306665613830386663333763373334383330313431636261
31643662353765373761333137306661653566316431323064663065623139613537623764653138
66306164353739646338366536663564663564333131383734376462346165303538656139633635
34643331633362356563343062343262306165373836343337346530386337363864616662323337
61653933373166303664363337393330346135383737353937356364353063306361323537633866
33653561333634313361346563613063663030643234666130303464383036643138636630383538
38663661643334363362373133356361633039373261376331343132663765663838376637396234
38666266333639626139343934363133306132623235656635633735643039363062636161636531
61383763323463346666616637303166333730363162386662373061306537303537316462346464
61373562653263373961623037326632333838653238316665333036336637666534356261313233
39623835393730313963363137336632623961626532393365386234336338386634326166306335
31616539663935633534313863633230616465323339633931373564306235653964613539386466
38653632376563663236333663346461353836653532343164336634646361396161653035633166
64316166383165643436353931356632323734396564323237313239616361373030626638646565
63346232653835353262313838643066333836643432383663356462636661613930626564386564
65323132303139646661646636333163376531623332326233366563663034303961633137633564
65643162393063376532616461613339336364646231356463333463333534396235306538663262
32643534663136616530356530396536363261306561316139626663636462373764643263623161
66396663623966363832313762666634323434643532393133323337343865333666333630353335
37366637316133323064393030633937633633393134313064363037633463333530396632646661
63653837666266633934663965373134636362333339633539323936323364646265636462346666
36386237386164353661373139343531656239353533313464356163306635376663356439323362
36396666633933323264633533386530623038316534356133383061366238646265323165366637
36393262313061366235343238326330303638366563663963613463643966313962336436303733
62333533613934336363346164386666356434363634306336353433366536353063363563313634
66396435613439366261326165643232643639336163643931313164333464356466623762663565
64383339363631323232633632393533386665386664366366643861343662383365366338653133
32663232613835386339653530383565373862656433623432613233313262633534393739326466
30383036333238636166323464336437393537303263636337323530396166383331336463333365
66616535353337336336353864376338306337316564656538376235306264333436636136306432
32393865616530633564616332313063636239383063313232643761666362636630636666303830
33366263613330663330663036646366363666666530636533313766363566303833643862353564
34623237303932343134656661396463626633626133353833643464353865353739303636646362
31373632336236366263323532393064386263386639346431313865623238323632653833336231
66343236653937636264613462643633613835303764363866333461323238636633363837613334
32353632373131643464383064663162383064303264353961623738666638396639316161363433
63303664336634646638643730303231303935646536636434396662626165343863636435323830
64643835346435376334393735663231376565343730393933373236326136656531643036646562
66613139633731333039363966663734626234646430643665313735343262376565306662383432
38633432373864373761396638353635326631323332393962326165613334363463643666366236
34303466363263326338303039376166613630623230613538613362313434316439616238666438
66313562626361336335326162633237373631373665643562313464393664643664343134643637
37353538333836313832633065616562616131623633626235363837393765626230656630303032
33666461313765373861373634313935386261653936396635323830326561303834616165316637
66376633313032646365663930353834346133346634336263666362633138376335626238313666
61363466613861363530633933666636613935663830653464666562313465643165376437386438
30363232616634613463353130353930306638383137616637393761313037343861323766306330
63366331343463613438626530626431303938616531303535393633656231653438663731333664
37666233633964393163386237303034383238636333643664336432663461643565346337646663
30363834643033363339353166623336316563356366336430303938633531366538323535353339
66366433383163303936393738656662643338333736616636643230653830396663653638393332
63346162333466386162373230396362323261373765306338303266373433353733343363323737
37393331643932373563303032343436613965663734633434313832393238613734343339373136
39633734366136653863336161323363353931626631306363663633316632666533323661323537
37383934656336666631356138313234653865383263656239303566623131326533346265303531
32623631623834323137383233316239656436353338356363616136623462613436373861623965
35653963643538623166636663333837323835646634626265343764613635646361323833633664
39356138333166393834303464336163353839376561333733623734306332623662636664626632
63666165373163323264656239666633663139623061643966366430383861353264333665616462
64373436623662346564613531393630323634316564396233366636613136646130336161343030
34356537616232393066656130393365373038346239373265636635623064643237356232323837
63656466626432383839323433363363323834383661353463643536323565643639383766333539
38333364386433643838313732316662326534306236376361386666393763613865303933393630
34336339306633336430393035326439393431343961326234303337613334323233336131383133
66663333346663653833383736353765643133623864316536303931333834343061386230376435
32323935613266313037326238653566623434653332656332393539363864353965333630363165
61306433363365336266363334626236326132643130623962623533613138336561393035666266
37363761383366313634336637363465356461313031373939626663303562663963336337393863
34386264623737353232396235396666643264333662646234333832343763666634363464323236
62373961393064396330626232663237363831336363373862633139393765346635663838313337
34633732333732383335636138383161396165376536323264306633656365643230376631353331
32346137343033343638626136313464346265643638666339343639653839343633353834333732
39376132646333303665313562663136646535353539323831363765376635353634613261333238
36313133343366303434633632333939623332656165363665623532313031663038633634356131
65646133636339393831663664636637346236666363373163653333323933383730356335653563
62366465376164366432346639636461393035613661393339323730373063373138316231383837
35653662626138313033306339303566333034663835313734613864306461663637
